     Epoch   gpu mem train_box train_obj train_cls train_total  labels  img_size Precision    Recall  mAP0.5  mAP0.5:0.95  val_box   val_obj   val_cls
      0/99     4.68G    0.0699   0.01726         0   0.08716        34       640  0.009782   0.01761  0.002326 0.0003543    0.1013   0.02266         0
      1/99     4.67G   0.06916   0.01675         0   0.08591        27       640  0.004759    0.1325  0.002504  0.000364   0.09889   0.02347         0
      2/99     4.67G   0.06693   0.01697         0    0.0839        43       640    0.0371   0.07444   0.01503  0.002716   0.09544   0.02273         0
      3/99     4.67G   0.06303   0.01678         0    0.0798        17       640    0.1069    0.1622   0.04392  0.009849   0.08974   0.02711         0
      4/99     4.67G   0.05947   0.01708         0   0.07655        26       640    0.2227    0.2644    0.1215   0.03421   0.08418    0.0239         0
      5/99     4.67G   0.05736   0.01692         0   0.07428        18       640    0.2573    0.2733    0.1651   0.05495   0.08095   0.02439         0
      6/99     4.67G   0.05542   0.01721         0   0.07263        27       640    0.3733    0.2907    0.2381   0.08536   0.08141   0.02332         0
      7/99     4.67G   0.05445   0.01683         0   0.07127        37       640    0.3196    0.3507    0.1901    0.0662   0.07819   0.03483         0
      8/99     4.67G   0.05251   0.01664         0   0.06915        23       640    0.4492    0.3795    0.3313    0.1277   0.07484   0.02477         0
      9/99     4.67G   0.05121   0.01632         0   0.06753        13       640    0.4747    0.3931     0.381    0.1623   0.07508    0.0224         0
     10/99     4.67G   0.04966    0.0164         0   0.06606        34       640    0.4876    0.3952    0.3902    0.1654   0.07457   0.02222         0
     11/99     4.67G    0.0491   0.01618         0   0.06528        24       640    0.5177    0.4152    0.4141    0.1841   0.07252   0.02252         0
     12/99     4.67G   0.04806   0.01609         0   0.06415        11       640    0.5685    0.4132    0.4303    0.1911   0.07082   0.02288         0
     13/99     4.67G   0.04741   0.01627         0   0.06368        23       640     0.585    0.4213    0.4575    0.2114   0.06899   0.02275         0
     14/99     4.67G   0.04636   0.01583         0   0.06219        21       640    0.6638    0.4375    0.4933    0.2343   0.06748   0.02338         0
     15/99     4.67G   0.04613   0.01608         0   0.06222        24       640    0.6261    0.4814    0.5066    0.2464   0.06573    0.0234         0
     16/99     4.67G   0.04533   0.01592         0   0.06125        39       640    0.6102    0.4711    0.5034    0.2468    0.0644    0.0237         0
     17/99     4.67G   0.04466   0.01565         0   0.06031        19       640    0.6667    0.4666    0.5199    0.2587   0.06427   0.02347         0
     18/99     4.67G   0.04423   0.01583         0   0.06006        32       640    0.7097    0.4788    0.5483    0.2751   0.06319   0.02313         0
     19/99     4.67G     0.044   0.01576         0   0.05976        38       640    0.6817    0.4921    0.5518    0.2827   0.06275     0.023         0
     20/99     4.67G   0.04337   0.01578         0   0.05915        12       640    0.6969    0.4902    0.5547    0.2852   0.06282   0.02256         0
     21/99     4.67G   0.04341   0.01538         0   0.05879        30       640    0.7193    0.5074     0.579    0.3037    0.0614   0.02248         0
     22/99     4.67G   0.04271   0.01552         0   0.05823        13       640    0.6904    0.5202    0.5813    0.3047   0.06013   0.02288         0
     23/99     4.67G   0.04262    0.0154         0   0.05803        26       640    0.6949    0.5307    0.5918    0.3144   0.05985   0.02243         0
     24/99     4.67G    0.0421   0.01518         0   0.05728        26       640    0.7135     0.518    0.5858    0.3099   0.06154   0.02234         0
     25/99     4.67G    0.0442   0.01565         0   0.05985        31       640    0.6818    0.4961    0.5583    0.2934    0.0617   0.02303         0
     26/99     4.67G   0.04293   0.01577         0    0.0587         9       640     0.716    0.4972     0.569    0.3017   0.06074   0.02296         0
     27/99     4.67G   0.04251   0.01556         0   0.05807        38       640    0.7165    0.5061    0.5747    0.3067    0.0604   0.02276         0
     28/99     4.67G   0.04168   0.01537         0   0.05705        17       640    0.7178    0.5252    0.5914    0.3154   0.05986   0.02248         0
     29/99     4.67G   0.04301   0.01574         0   0.05875        22       640    0.4403    0.5015    0.3112    0.1413   0.06413   0.08616         0
     30/99     4.67G   0.04469    0.0162         0    0.0609        37       640    0.6632    0.5018    0.4827     0.243   0.06119   0.03321         0
     31/99     4.67G   0.04281   0.01545         0   0.05826        31       640    0.7301    0.5287    0.5815    0.3115   0.06033   0.02268         0
     32/99     4.67G   0.04193   0.01527         0    0.0572        25       640    0.7606     0.527    0.6154    0.3382   0.05878   0.02198         0
     33/99     4.67G   0.04168    0.0153         0   0.05698        12       640    0.7266    0.5635    0.6238    0.3437   0.05834   0.02183         0
     34/99     4.67G   0.04112   0.01522         0   0.05633        19       640    0.7487    0.5633    0.6327    0.3516   0.05709   0.02184         0
     35/99     4.67G   0.04074   0.01522         0   0.05596        40       640    0.7538    0.5697     0.642    0.3591    0.0568   0.02189         0
     36/99     4.67G   0.04047    0.0152         0   0.05567        29       640    0.7437    0.5771    0.6427    0.3627   0.05635   0.02195         0
     37/99     4.67G   0.04055   0.01525         0   0.05581        33       640    0.7648    0.5728    0.6501    0.3666   0.05615    0.0216         0
     38/99     4.67G   0.04011   0.01493         0   0.05504        21       640    0.7471    0.5897    0.6531    0.3674   0.05565   0.02183         0
     39/99     4.67G   0.03992   0.01501         0   0.05493        30       640     0.791     0.571    0.6567    0.3715   0.05549   0.02169         0
     40/99     4.67G   0.03952   0.01488         0    0.0544        24       640    0.7994    0.5742    0.6638    0.3765   0.05483   0.02172         0
     41/99     4.67G   0.03969   0.01499         0   0.05468        22       640    0.7487    0.6072    0.6676     0.382   0.05437   0.02169         0
     42/99     4.67G   0.03951   0.01471         0   0.05422        41       640     0.801    0.5775    0.6689    0.3868   0.05444    0.0218         0
     43/99     4.67G   0.03935   0.01486         0   0.05422        15       640    0.7763    0.5964    0.6739     0.392   0.05405   0.02154         0
     44/99     4.67G   0.03899    0.0146         0   0.05358        31       640    0.7837    0.5952    0.6744    0.3936   0.05414   0.02167         0
     45/99     4.67G   0.03901   0.01475         0   0.05376        22       640    0.7868    0.5953    0.6784     0.398   0.05404   0.02156         0
     46/99     4.67G   0.03875   0.01481         0   0.05356        24       640    0.7804    0.6048    0.6824    0.4004   0.05371   0.02163         0
     47/99     4.67G   0.03848   0.01468         0   0.05316        28       640    0.7996    0.5984    0.6881    0.4028   0.05338   0.02158         0
     48/99     4.67G   0.03837   0.01454         0   0.05292        35       640    0.7928    0.6067    0.6922    0.4072   0.05323   0.02167         0
     49/99     4.67G   0.03806   0.01432         0   0.05238        23       640    0.7799     0.615     0.694    0.4065    0.0532   0.02162         0
     50/99     4.67G   0.03816   0.01449         0   0.05265        33       640    0.7779    0.6209    0.6939    0.4106   0.05267   0.02175         0
     51/99     4.67G   0.03795   0.01454         0   0.05249        19       640    0.7992    0.6109    0.6976     0.412   0.05291   0.02159         0
     52/99     4.67G   0.03761   0.01409         0    0.0517        18       640    0.8206    0.5984    0.6981    0.4155   0.05275    0.0216         0
     53/99     4.67G   0.03752   0.01417         0   0.05169        28       640    0.7934    0.6198    0.7032    0.4179   0.05216   0.02154         0
     54/99     4.67G   0.03749   0.01421         0    0.0517        22       640    0.8022    0.6147    0.7022    0.4174   0.05236   0.02159         0
     55/99     4.67G   0.03697   0.01401         0   0.05098        21       640    0.8111    0.6116    0.7069    0.4213   0.05248    0.0216         0
     56/99     4.67G   0.03742   0.01448         0   0.05191        33       640    0.5873    0.6048    0.4781    0.2671   0.05305   0.02595         0
     57/99     4.67G   0.03748   0.01426         0   0.05175         9       640    0.7891    0.6321    0.7102    0.4261   0.05203    0.0216         0
     58/99     4.67G   0.03689   0.01418         0   0.05107        31       640    0.7852    0.6318    0.7102     0.427   0.05187   0.02157         0
     59/99     4.67G   0.03685   0.01412         0   0.05097        24       640      0.79    0.6348     0.713    0.4274   0.05139   0.02177         0
     60/99     4.67G   0.03679    0.0143         0   0.05109        15       640    0.7995    0.6291    0.7109    0.4261   0.05135   0.02167         0
     61/99     4.67G   0.03674   0.01422         0   0.05095        28       640    0.7878    0.6425    0.7179    0.4327   0.05101   0.02178         0
     62/99     4.67G   0.03653   0.01414         0   0.05067        34       640    0.7885     0.643    0.7204    0.4353   0.05109   0.02172         0
     63/99     4.67G    0.0363    0.0141         0    0.0504        24       640    0.8096     0.635    0.7213    0.4366   0.05103   0.02174         0
     64/99     4.67G   0.03614   0.01408         0   0.05021        20       640    0.8241    0.6257    0.7232    0.4392    0.0507   0.02173         0
     65/99     4.67G   0.03602   0.01388         0   0.04991        44       640    0.8078    0.6369    0.7224    0.4389   0.05067   0.02171         0
     66/99     4.67G   0.03615   0.01392         0   0.05007        19       640    0.8137    0.6385     0.727    0.4419   0.05069   0.02166         0
     67/99     4.67G    0.0363     0.014         0    0.0503        21       640    0.8037    0.6352    0.7202    0.4381   0.05074   0.02182         0
     68/99     4.67G   0.03577   0.01397         0   0.04974        32       640    0.7946    0.6534    0.7269    0.4424   0.05034   0.02184         0
     69/99     4.67G    0.0356   0.01381         0   0.04942        41       640    0.7944    0.6531    0.7289    0.4456   0.05002   0.02192         0
     70/99     4.67G   0.03564   0.01388         0   0.04951        42       640    0.7993    0.6566    0.7322    0.4476   0.05006   0.02182         0
     71/99     4.67G   0.03555    0.0139         0   0.04945        29       640     0.799     0.657    0.7326    0.4487   0.05018   0.02176         0
     72/99     4.67G   0.03522   0.01384         0   0.04906        28       640    0.8567    0.6209    0.7326    0.4506   0.05001   0.02181         0
     73/99     4.67G   0.03522   0.01401         0   0.04923        62       640    0.8471     0.629    0.7347    0.4514   0.04992   0.02187         0
     74/99     4.67G    0.0352   0.01373         0   0.04893        27       640    0.8191    0.6432     0.734    0.4529   0.04984   0.02183         0
     75/99     4.67G   0.03526    0.0136         0   0.04886        18       640    0.8011    0.6558    0.7359    0.4552   0.04968   0.02185         0
     76/99     4.67G   0.03515   0.01366         0   0.04882        31       640     0.795    0.6621    0.7382     0.457   0.04957   0.02184         0
     77/99     4.67G   0.03514   0.01368         0   0.04881        34       640    0.8203    0.6466    0.7393    0.4584   0.04954    0.0218         0
     78/99     4.67G   0.03588   0.01394         0   0.04982        28       640     0.833    0.6326    0.7299    0.4507   0.05025   0.02193         0
     79/99     4.67G   0.03523   0.01388         0   0.04911        27       640    0.8197    0.6449    0.7349    0.4549   0.04993   0.02188         0
     80/99     4.67G   0.03519   0.01366         0   0.04885        15       640    0.8468    0.6317    0.7373    0.4579   0.04977   0.02183         0
     81/99     4.67G   0.03465   0.01359         0   0.04824        17       640    0.8307    0.6438    0.7392    0.4597   0.04954   0.02186         0
     82/99     4.67G   0.03474   0.01364         0   0.04838        15       640    0.8216    0.6498    0.7407    0.4615   0.04938   0.02189         0
     83/99     4.67G   0.03484   0.01362         0   0.04846        18       640    0.8105    0.6602    0.7423    0.4624   0.04926   0.02186         0
     84/99     4.67G   0.03471   0.01366         0   0.04837        34       640     0.832    0.6493    0.7437    0.4636   0.04916   0.02184         0
     85/99     4.67G    0.0343   0.01343         0   0.04773        48       640    0.8344    0.6469    0.7423    0.4634   0.04911   0.02186         0
     86/99     4.67G   0.03466   0.01359         0   0.04825        20       640    0.8369    0.6482    0.7446    0.4651    0.0491   0.02185         0
     87/99     4.67G   0.03412   0.01337         0   0.04749        22       640    0.8344    0.6501    0.7466    0.4671   0.04909   0.02181         0
     88/99     4.67G   0.03389   0.01342         0   0.04732        16       640    0.8292    0.6534    0.7473     0.467   0.04908   0.02184         0
     89/99     4.67G   0.03447   0.01337         0   0.04784         7       640    0.8368    0.6523    0.7493    0.4688   0.04902   0.02182         0
     90/99     4.67G   0.03399   0.01345         0   0.04744        32       640    0.8334    0.6535    0.7473    0.4682   0.04896   0.02186         0
     91/99     4.67G     0.034   0.01342         0   0.04742        22       640    0.8391    0.6488    0.7478    0.4693   0.04892   0.02186         0
     92/99     4.67G   0.03408   0.01339         0   0.04747         8       640    0.8237    0.6613    0.7499    0.4699   0.04886   0.02188         0
     93/99     4.67G   0.03378   0.01325         0   0.04703        17       640    0.8189    0.6658    0.7488      0.47    0.0488   0.02193         0
     94/99     4.67G    0.0338   0.01336         0   0.04716        26       640    0.8196    0.6677    0.7505    0.4705   0.04879   0.02192         0
     95/99     4.67G   0.03387   0.01354         0    0.0474         9       640    0.8263    0.6624    0.7496    0.4706   0.04878   0.02191         0
     96/99     4.67G   0.03365   0.01325         0    0.0469        21       640    0.8369    0.6571    0.7504    0.4723   0.04872    0.0219         0
     97/99     4.67G   0.03353    0.0132         0   0.04672        51       640    0.8273    0.6659    0.7508    0.4714   0.04871   0.02192         0
     98/99     4.67G   0.03406   0.01328         0   0.04734        16       640    0.8281    0.6656    0.7514    0.4706   0.04868   0.02193         0
     99/99     4.67G   0.03376   0.01339         0   0.04715        15       640    0.8266    0.6676    0.7504    0.4705   0.04865   0.02193         0
