     Epoch   gpu mem train_box train_obj train_cls train_total  labels  img_size Precision    Recall  mAP0.5  mAP0.5:0.95  val_box   val_obj   val_cls
      0/99    0.774G   0.05747   0.01277         0   0.07024        19       640    0.8448    0.6334    0.7471    0.4166   0.07167   0.01658         0
      1/99    0.755G   0.04676   0.01171         0   0.05848        54       640     0.815    0.6756    0.7582    0.4333   0.06947   0.01692         0
      2/99     1.49G   0.04602   0.01185         0   0.05786        23       640    0.7452    0.6195    0.6795    0.3625    0.0694   0.01938         0
      3/99     1.49G   0.04632   0.01235         0   0.05867        24       640     0.788    0.6365    0.7128    0.3992   0.07481   0.01708         0
      4/99     1.49G   0.04483   0.01244         0   0.05728        22       640    0.8158    0.6163    0.7096    0.4028   0.06831    0.0189         0
      5/99     1.49G   0.04412   0.01246         0   0.05658        20       640    0.7958    0.6401    0.7156    0.4027   0.06487    0.0193         0
      6/99     1.49G   0.04309   0.01264         0   0.05573        16       640    0.8172    0.6347    0.7221    0.4136   0.06514   0.01938         0
      7/99     1.49G   0.04297   0.01247         0   0.05544        36       640    0.8152    0.6512    0.7366    0.4253   0.06296   0.02003         0
      8/99     1.49G   0.04275   0.01235         0   0.05511        45       640    0.8124    0.6515    0.7352    0.4211   0.06382   0.01943         0
      9/99     1.49G   0.04222   0.01209         0   0.05432        11       640    0.8263    0.6424    0.7331    0.4348   0.06455     0.019         0
     10/99     1.49G   0.04188   0.01227         0   0.05415        19       640    0.8102    0.6566    0.7374    0.4374   0.06286   0.01951         0
     11/99     1.49G   0.04189   0.01234         0   0.05422        57       640    0.8511    0.6422    0.7459    0.4362   0.06295   0.01974         0
     12/99     1.49G   0.04156   0.01219         0   0.05375        17       640    0.8166    0.6451    0.7324    0.4347   0.06382   0.01985         0
     13/99     1.49G   0.04178   0.01219         0   0.05397        18       640    0.8272     0.645    0.7395    0.4388    0.0632    0.0196         0
     14/99     1.49G   0.04149   0.01207         0   0.05356        31       640      0.81    0.6648    0.7476    0.4443   0.06268   0.01958         0
     15/99     1.49G   0.04131   0.01205         0   0.05337        32       640    0.8431    0.6558    0.7552    0.4458   0.06166   0.01998         0
     16/99     1.49G     0.041   0.01195         0   0.05295        21       640    0.8178    0.6584     0.748    0.4454   0.06276   0.01973         0
     17/99     1.49G   0.04115   0.01218         0   0.05333        21       640    0.8264    0.6541    0.7457    0.4426   0.06161   0.02003         0
     18/99     1.49G   0.04078   0.01206         0   0.05284        35       640    0.8432    0.6448    0.7509    0.4489   0.06075   0.02054         0
     19/99     1.49G   0.04078   0.01198         0   0.05276        11       640    0.8117    0.6688    0.7491    0.4427   0.06092    0.0205         0
